start=1875.924476
pause=yes
volume=96.000000
panscan=1.000000
